380	0.000589
385	0.001108
390	0.002209
395	0.00453
400	0.00929
405	0.01852
410	0.03484
415	0.0604
420	0.0966
425	0.1436
430	0.1998
435	0.2625
440	0.3281
445	0.3931
450	0.455
455	0.513
460	0.567
465	0.62
470	0.676
475	0.734
480	0.793
485	0.851
490	0.904
495	0.949
500	0.982
505	0.998
510	0.997
515	0.975
520	0.935
525	0.88
530	0.811
535	0.733
540	0.65
545	0.564
550	0.481
555	0.402
560	0.3288
565	0.2639
570	0.2076
575	0.1602
580	0.1212
585	0.0899
590	0.0655
595	0.0469
600	0.03315
605	0.02312
610	0.01593
615	0.01088
620	0.00737
625	0.00497
630	0.003335
635	0.002235
640	0.001497
645	0.001005
650	0.000677
655	0.000459
660	0.0003129
665	0.0002146
670	0.000148
675	0.0001026
680	0.0000715
685	0.0000501
690	0.00003533
695	0.00002501
700	0.0000178
705	0.00001273
710	0.00000914
715	0.0000066
720	0.00000478
725	0.000003482
730	0.000002546
735	0.00000187
740	0.000001379
745	0.000001022
750	0.00000076
755	0.000000567
760	0.000000425
765	0.000000320
770	0.000000241
775	0.000000183
780	0.000000139

